{
 "cells": [
  {
   "cell_type": "code",
   "execution_count": 29,
   "metadata": {},
   "outputs": [],
   "source": [
    "from co3d.dataset.data_types import (\n",
    "    load_dataclass_jgzip, FrameAnnotation, SequenceAnnotation\n",
    ")\n",
    "from typing import List\n",
    "import re\n",
    "import json"
   ]
  },
  {
   "cell_type": "code",
   "execution_count": 30,
   "metadata": {},
   "outputs": [],
   "source": [
    "CO3DV2_DATASET_ROOT = \"/home/gsplat/HD/code/KeyGS/dataset/CFGS_Co3d_inter\"\n",
    "category_name = \"teddybear\"\n",
    "sequence_name = \"34_1403_4393\"\n",
    "\n",
    "category_frame_annotations = load_dataclass_jgzip(\n",
    "    f\"{CO3DV2_DATASET_ROOT}/{category_name}/frame_annotations.jgz\", List[FrameAnnotation]\n",
    ")\n",
    "# category_sequence_annotations = load_dataclass_jgzip(\n",
    "#     f\"{CO3DV2_DATASET_ROOT}/{category_name}/{sequence_name}/sequence_annotations.jgz\", List[SequenceAnnotation]\n",
    "# )"
   ]
  },
  {
   "cell_type": "code",
   "execution_count": 31,
   "metadata": {},
   "outputs": [],
   "source": [
    "selected_frame_annotations = [item for item in category_frame_annotations if item.sequence_name == sequence_name]"
   ]
  },
  {
   "cell_type": "code",
   "execution_count": 32,
   "metadata": {},
   "outputs": [
    {
     "data": {
      "text/plain": [
       "FrameAnnotation(sequence_name='34_1403_4393', frame_number=1, frame_timestamp=0.0, image=ImageAnnotation(path='teddybear/34_1403_4393/images/frame000001.jpg', size=(858, 481)), depth=DepthAnnotation(path='teddybear/34_1403_4393/depths/frame000001.jpg.geometric.png', scale_adjustment=1.0, mask_path='teddybear/34_1403_4393/depth_masks/frame000001.png'), mask=MaskAnnotation(path='teddybear/34_1403_4393/masks/frame000001.png', mass=39806.0), viewpoint=ViewpointAnnotation(R=((0.8687542676925659, 0.396296888589859, 0.29700979590415955), (-0.4568174481391907, 0.4096222221851349, 0.789637565612793), (0.19126909971237183, -0.8216802477836609, 0.5368964076042175)), T=(0.3559315800666809, 0.08288713544607162, 15.170653343200684), focal_length=(3.376338481903076, 3.376338481903076), principal_point=(-0.0, -0.0), intrinsics_format='ndc_isotropic'), meta={'frame_type': 'train_known', 'frame_splits': ['multisequence_teddybear_train_known'], 'eval_batch_maps': []})"
      ]
     },
     "execution_count": 32,
     "metadata": {},
     "output_type": "execute_result"
    }
   ],
   "source": [
    "selected_frame_annotations[0]"
   ]
  },
  {
   "cell_type": "code",
   "execution_count": 33,
   "metadata": {},
   "outputs": [],
   "source": [
    "formatted_data_list = [{\n",
    "    \"id\": item.frame_number,\n",
    "    \"img_name\": \"frame\" + re.search(r'frame(\\d+)\\.jpg', item.image.path).group(1) + \".jpg\",\n",
    "    \"width\": item.image.size[1],\n",
    "    \"height\": item.image.size[0],\n",
    "    \"w2c_position\": list(item.viewpoint.T),\n",
    "    \"w2c_rotation\": [list(row) for row in item.viewpoint.R],\n",
    "    \"fy\": item.viewpoint.focal_length[1],\n",
    "    \"fx\": item.viewpoint.focal_length[0]\n",
    "} for index, item in enumerate(selected_frame_annotations)]"
   ]
  },
  {
   "cell_type": "code",
   "execution_count": 34,
   "metadata": {},
   "outputs": [
    {
     "data": {
      "text/plain": [
       "[{'id': 1,\n",
       "  'img_name': 'frame000001.jpg',\n",
       "  'width': 481,\n",
       "  'height': 858,\n",
       "  'w2c_position': [0.3559315800666809,\n",
       "   0.08288713544607162,\n",
       "   15.170653343200684],\n",
       "  'w2c_rotation': [[0.8687542676925659,\n",
       "    0.396296888589859,\n",
       "    0.29700979590415955],\n",
       "   [-0.4568174481391907, 0.4096222221851349, 0.789637565612793],\n",
       "   [0.19126909971237183, -0.8216802477836609, 0.5368964076042175]],\n",
       "  'fy': 3.376338481903076,\n",
       "  'fx': 3.376338481903076},\n",
       " {'id': 2,\n",
       "  'img_name': 'frame000002.jpg',\n",
       "  'width': 481,\n",
       "  'height': 858,\n",
       "  'w2c_position': [0.36791685223579407,\n",
       "   0.10725502669811249,\n",
       "   15.16757583618164],\n",
       "  'w2c_rotation': [[0.8654226064682007,\n",
       "    0.40060409903526306,\n",
       "    0.3009319603443146],\n",
       "   [-0.46219199895858765, 0.40639713406562805, 0.7881750464439392],\n",
       "   [0.1934482753276825, -0.8211928606033325, 0.5368613004684448]],\n",
       "  'fy': 3.3829312324523926,\n",
       "  'fx': 3.3829312324523926},\n",
       " {'id': 3,\n",
       "  'img_name': 'frame000003.jpg',\n",
       "  'width': 481,\n",
       "  'height': 858,\n",
       "  'w2c_position': [0.3820438086986542,\n",
       "   0.13249211013317108,\n",
       "   15.183856010437012],\n",
       "  'w2c_rotation': [[0.8613165616989136,\n",
       "    0.4060347378253937,\n",
       "    0.3054006099700928],\n",
       "   [-0.4687419831752777, 0.40317487716674805, 0.7859586477279663],\n",
       "   [0.19599667191505432, -0.8201133012771606, 0.5375867486000061]],\n",
       "  'fy': 3.3955893516540527,\n",
       "  'fx': 3.3955893516540527},\n",
       " {'id': 4,\n",
       "  'img_name': 'frame000004.jpg',\n",
       "  'width': 481,\n",
       "  'height': 858,\n",
       "  'w2c_position': [0.37248581647872925, 0.1510336548089981, 15.1927490234375],\n",
       "  'w2c_rotation': [[0.856923520565033,\n",
       "    0.4132452607154846,\n",
       "    0.30807530879974365],\n",
       "   [-0.4749752879142761, 0.40093421936035156, 0.7833582758903503],\n",
       "   [0.200201153755188, -0.8176063299179077, 0.5398512482643127]],\n",
       "  'fy': 3.3985471725463867,\n",
       "  'fx': 3.3985471725463867},\n",
       " {'id': 5,\n",
       "  'img_name': 'frame000005.jpg',\n",
       "  'width': 481,\n",
       "  'height': 858,\n",
       "  'w2c_position': [0.35688039660453796,\n",
       "   0.17563419044017792,\n",
       "   15.123104095458984],\n",
       "  'w2c_rotation': [[0.8502475023269653,\n",
       "    0.42090848088264465,\n",
       "    0.31609368324279785],\n",
       "   [-0.48588868975639343, 0.39660412073135376, 0.7788564562797546],\n",
       "   [0.20246322453022003, -0.8158071041107178, 0.5417263507843018]],\n",
       "  'fy': 3.394296169281006,\n",
       "  'fx': 3.394296169281006},\n",
       " {'id': 6,\n",
       "  'img_name': 'frame000006.jpg',\n",
       "  'width': 481,\n",
       "  'height': 858,\n",
       "  'w2c_position': [0.3391161262989044, 0.23565861582756042, 15.10669231414795],\n",
       "  'w2c_rotation': [[0.8374760746955872,\n",
       "    0.43687617778778076,\n",
       "    0.3282880187034607],\n",
       "   [-0.5040105581283569, 0.385315477848053, 0.7729846835136414],\n",
       "   [0.2112041562795639, -0.8128167986869812, 0.5428826808929443]],\n",
       "  'fy': 3.405115842819214,\n",
       "  'fx': 3.405115842819214},\n",
       " {'id': 7,\n",
       "  'img_name': 'frame000007.jpg',\n",
       "  'width': 481,\n",
       "  'height': 858,\n",
       "  'w2c_position': [0.27588820457458496,\n",
       "   0.29968807101249695,\n",
       "   14.954449653625488],\n",
       "  'w2c_rotation': [[0.8213526010513306, 0.4546658992767334, 0.344468891620636],\n",
       "   [-0.5273800492286682, 0.37515467405319214, 0.7623183131217957],\n",
       "   [0.21737104654312134, -0.8077981472015381, 0.5479159951210022]],\n",
       "  'fy': 3.407440662384033,\n",
       "  'fx': 3.407440662384033},\n",
       " {'id': 8,\n",
       "  'img_name': 'frame000008.jpg',\n",
       "  'width': 481,\n",
       "  'height': 858,\n",
       "  'w2c_position': [0.1964201182126999,\n",
       "   0.37986481189727783,\n",
       "   14.884045600891113],\n",
       "  'w2c_rotation': [[0.8056221008300781,\n",
       "    0.47170785069465637,\n",
       "    0.35841983556747437],\n",
       "   [-0.5477665066719055, 0.3626440465450287, 0.7539503574371338],\n",
       "   [0.22566549479961395, -0.8037294149398804, 0.5505397915840149]],\n",
       "  'fy': 3.416468381881714,\n",
       "  'fx': 3.416468381881714},\n",
       " {'id': 9,\n",
       "  'img_name': 'frame000009.jpg',\n",
       "  'width': 481,\n",
       "  'height': 858,\n",
       "  'w2c_position': [0.1624378114938736, 0.4451608955860138, 14.765843391418457],\n",
       "  'w2c_rotation': [[0.7899163961410522,\n",
       "    0.48895323276519775,\n",
       "    0.3700767159461975],\n",
       "   [-0.5665590763092041, 0.3510309159755707, 0.7455119490623474],\n",
       "   [0.2346121072769165, -0.7985624670982361, 0.5543059706687927]],\n",
       "  'fy': 3.4212357997894287,\n",
       "  'fx': 3.4212357997894287},\n",
       " {'id': 10,\n",
       "  'img_name': 'frame000010.jpg',\n",
       "  'width': 481,\n",
       "  'height': 858,\n",
       "  'w2c_position': [0.16380707919597626,\n",
       "   0.47711825370788574,\n",
       "   14.702205657958984],\n",
       "  'w2c_rotation': [[0.7733529806137085,\n",
       "    0.5072605013847351,\n",
       "    0.38027873635292053],\n",
       "   [-0.5847979784011841, 0.3391469717025757, 0.7368789911270142],\n",
       "   [0.24481922388076782, -0.792253851890564, 0.558925211429596]],\n",
       "  'fy': 3.413519859313965,\n",
       "  'fx': 3.413519859313965},\n",
       " {'id': 11,\n",
       "  'img_name': 'frame000011.jpg',\n",
       "  'width': 481,\n",
       "  'height': 858,\n",
       "  'w2c_position': [0.22605597972869873,\n",
       "   0.48120084404945374,\n",
       "   14.685806274414062],\n",
       "  'w2c_rotation': [[0.7575510740280151,\n",
       "    0.5252093076705933,\n",
       "    0.3876487910747528],\n",
       "   [-0.599679172039032, 0.32533329725265503, 0.7311245799064636],\n",
       "   [0.2578783631324768, -0.7863290905952454, 0.5614136457443237]],\n",
       "  'fy': 3.408416748046875,\n",
       "  'fx': 3.408416748046875},\n",
       " {'id': 12,\n",
       "  'img_name': 'frame000012.jpg',\n",
       "  'width': 481,\n",
       "  'height': 858,\n",
       "  'w2c_position': [0.3111376166343689, 0.47055360674858093, 14.78581714630127],\n",
       "  'w2c_rotation': [[0.7414374947547913,\n",
       "    0.5437608361244202,\n",
       "    0.39318519830703735],\n",
       "   [-0.6126416921615601, 0.3095027208328247, 0.7272401452064514],\n",
       "   [0.2737528085708618, -0.7800847887992859, 0.56260746717453]],\n",
       "  'fy': 3.4260714054107666,\n",
       "  'fx': 3.4260714054107666},\n",
       " {'id': 13,\n",
       "  'img_name': 'frame000013.jpg',\n",
       "  'width': 481,\n",
       "  'height': 858,\n",
       "  'w2c_position': [0.4289129972457886, 0.4597910940647125, 14.88200569152832],\n",
       "  'w2c_rotation': [[0.7255363464355469,\n",
       "    0.5623679161071777,\n",
       "    0.39666029810905457],\n",
       "   [-0.6238775849342346, 0.2942056357860565, 0.7240302562713623],\n",
       "   [0.2904716730117798, -0.7727776765823364, 0.5643056035041809]],\n",
       "  'fy': 3.427567958831787,\n",
       "  'fx': 3.427567958831787},\n",
       " {'id': 14,\n",
       "  'img_name': 'frame000014.jpg',\n",
       "  'width': 481,\n",
       "  'height': 858,\n",
       "  'w2c_position': [0.5518918037414551, 0.4391842782497406, 14.953146934509277],\n",
       "  'w2c_rotation': [[0.7096168398857117,\n",
       "    0.5794926881790161,\n",
       "    0.4007894992828369],\n",
       "   [-0.635311484336853, 0.2802797257900238, 0.7195988893508911],\n",
       "   [0.3046691119670868, -0.7652656435966492, 0.5670495629310608]],\n",
       "  'fy': 3.4286952018737793,\n",
       "  'fx': 3.4286952018737793},\n",
       " {'id': 15,\n",
       "  'img_name': 'frame000015.jpg',\n",
       "  'width': 481,\n",
       "  'height': 858,\n",
       "  'w2c_position': [0.6517556309700012,\n",
       "   0.42185819149017334,\n",
       "   15.038652420043945],\n",
       "  'w2c_rotation': [[0.6945910453796387,\n",
       "    0.5938233137130737,\n",
       "    0.4060998558998108],\n",
       "   [-0.6464974284172058, 0.26761874556541443, 0.71443772315979],\n",
       "   [0.3155698776245117, -0.7587845921516418, 0.5697908401489258]],\n",
       "  'fy': 3.434497594833374,\n",
       "  'fx': 3.434497594833374},\n",
       " {'id': 16,\n",
       "  'img_name': 'frame000016.jpg',\n",
       "  'width': 481,\n",
       "  'height': 858,\n",
       "  'w2c_position': [0.6653538346290588, 0.4014738202095032, 14.977500915527344],\n",
       "  'w2c_rotation': [[0.6867727041244507,\n",
       "    0.6007253527641296,\n",
       "    0.40923383831977844],\n",
       "   [-0.6529534459114075, 0.2624960243701935, 0.7104559540748596],\n",
       "   [0.3193666338920593, -0.7551323771476746, 0.5725207924842834]],\n",
       "  'fy': 3.42492938041687,\n",
       "  'fx': 3.42492938041687},\n",
       " {'id': 17,\n",
       "  'img_name': 'frame000017.jpg',\n",
       "  'width': 481,\n",
       "  'height': 858,\n",
       "  'w2c_position': [0.6330519914627075,\n",
       "   0.37046048045158386,\n",
       "   15.055274963378906],\n",
       "  'w2c_rotation': [[0.6689050793647766,\n",
       "    0.6124308109283447,\n",
       "    0.4213009178638458],\n",
       "   [-0.6695729494094849, 0.25024178624153137, 0.6993219256401062],\n",
       "   [0.3228591978549957, -0.7498716711997986, 0.5774551033973694]],\n",
       "  'fy': 3.44307541847229,\n",
       "  'fx': 3.44307541847229},\n",
       " {'id': 18,\n",
       "  'img_name': 'frame000018.jpg',\n",
       "  'width': 481,\n",
       "  'height': 858,\n",
       "  'w2c_position': [0.5928443670272827, 0.3549928367137909, 14.892650604248047],\n",
       "  'w2c_rotation': [[0.6511663794517517,\n",
       "    0.6260425448417664,\n",
       "    0.42901408672332764],\n",
       "   [-0.684532880783081, 0.2403908371925354, 0.6882055997848511],\n",
       "   [0.3277149200439453, -0.7418106198310852, 0.5850811004638672]],\n",
       "  'fy': 3.4253885746002197,\n",
       "  'fx': 3.4253885746002197},\n",
       " {'id': 19,\n",
       "  'img_name': 'frame000019.jpg',\n",
       "  'width': 481,\n",
       "  'height': 858,\n",
       "  'w2c_position': [0.5999879837036133, 0.3513820171356201, 15.080150604248047],\n",
       "  'w2c_rotation': [[0.632011890411377, 0.6364111304283142, 0.4422011375427246],\n",
       "   [-0.7012079954147339, 0.22667855024337769, 0.6759616732597351],\n",
       "   [0.32995203137397766, -0.7372907996177673, 0.5895200967788696]],\n",
       "  'fy': 3.4566187858581543,\n",
       "  'fx': 3.4566187858581543},\n",
       " {'id': 20,\n",
       "  'img_name': 'frame000020.jpg',\n",
       "  'width': 481,\n",
       "  'height': 858,\n",
       "  'w2c_position': [0.5637955665588379,\n",
       "   0.30802667140960693,\n",
       "   14.961930274963379],\n",
       "  'w2c_rotation': [[0.6098736524581909, 0.6501712203025818, 0.453135222196579],\n",
       "   [-0.7193399667739868, 0.2142079770565033, 0.6608062982559204],\n",
       "   [0.3325720429420471, -0.7289666533470154, 0.5983339548110962]],\n",
       "  'fy': 3.4257757663726807,\n",
       "  'fx': 3.4257757663726807},\n",
       " {'id': 21,\n",
       "  'img_name': 'frame000021.jpg',\n",
       "  'width': 481,\n",
       "  'height': 858,\n",
       "  'w2c_position': [0.5352746248245239,\n",
       "   0.23724189400672913,\n",
       "   14.931486129760742],\n",
       "  'w2c_rotation': [[0.5855576992034912,\n",
       "    0.6644847393035889,\n",
       "    0.46430832147598267],\n",
       "   [-0.736322820186615, 0.1964290887117386, 0.6474907994270325],\n",
       "   [0.33904409408569336, -0.7210240364074707, 0.6042957901954651]],\n",
       "  'fy': 3.4049134254455566,\n",
       "  'fx': 3.4049134254455566},\n",
       " {'id': 22,\n",
       "  'img_name': 'frame000022.jpg',\n",
       "  'width': 481,\n",
       "  'height': 858,\n",
       "  'w2c_position': [0.6194285154342651,\n",
       "   0.18191881477832794,\n",
       "   15.029740333557129],\n",
       "  'w2c_rotation': [[0.5631909370422363, 0.67714923620224, 0.4735872745513916],\n",
       "   [-0.7484989762306213, 0.1752319186925888, 0.6395646929740906],\n",
       "   [0.35009315609931946, -0.7146766781806946, 0.605534553527832]],\n",
       "  'fy': 3.4331438541412354,\n",
       "  'fx': 3.4331438541412354},\n",
       " {'id': 23,\n",
       "  'img_name': 'frame000023.jpg',\n",
       "  'width': 481,\n",
       "  'height': 858,\n",
       "  'w2c_position': [0.7242164015769958, 0.1375962793827057, 15.066570281982422],\n",
       "  'w2c_rotation': [[0.5432533621788025, 0.6892942190170288, 0.47932168841362],\n",
       "   [-0.7589720487594604, 0.15911802649497986, 0.6313817501068115],\n",
       "   [0.3589390814304352, -0.7067919969558716, 0.6095964312553406]],\n",
       "  'fy': 3.4272282123565674,\n",
       "  'fx': 3.4272282123565674},\n",
       " {'id': 24,\n",
       "  'img_name': 'frame000024.jpg',\n",
       "  'width': 481,\n",
       "  'height': 858,\n",
       "  'w2c_position': [0.8297954797744751, 0.1107732355594635, 15.099264144897461],\n",
       "  'w2c_rotation': [[0.5268386006355286,\n",
       "    0.6989733576774597,\n",
       "    0.4836086332798004],\n",
       "   [-0.7675246000289917, 0.1467801183462143, 0.6239884495735168],\n",
       "   [0.36516717076301575, -0.6999227404594421, 0.6138086915016174]],\n",
       "  'fy': 3.424203634262085,\n",
       "  'fx': 3.424203634262085},\n",
       " {'id': 25,\n",
       "  'img_name': 'frame000025.jpg',\n",
       "  'width': 481,\n",
       "  'height': 858,\n",
       "  'w2c_position': [0.9522402286529541,\n",
       "   0.10132474452257156,\n",
       "   15.094002723693848],\n",
       "  'w2c_rotation': [[0.5131748914718628,\n",
       "    0.7062076330184937,\n",
       "    0.4877728223800659],\n",
       "   [-0.7758621573448181, 0.13868938386440277, 0.6154698729515076],\n",
       "   [0.3670005798339844, -0.6942881941795349, 0.6190916895866394]],\n",
       "  'fy': 3.4300155639648438,\n",
       "  'fx': 3.4300155639648438},\n",
       " {'id': 26,\n",
       "  'img_name': 'frame000026.jpg',\n",
       "  'width': 481,\n",
       "  'height': 858,\n",
       "  'w2c_position': [1.1126374006271362,\n",
       "   0.10376858711242676,\n",
       "   15.171734809875488],\n",
       "  'w2c_rotation': [[0.501984715461731,\n",
       "    0.7119524478912354,\n",
       "    0.49105504155158997],\n",
       "   [-0.7822010517120361, 0.1314726620912552, 0.6089962720870972],\n",
       "   [0.3690160810947418, -0.6898106336593628, 0.6228871941566467]],\n",
       "  'fy': 3.438849449157715,\n",
       "  'fx': 3.438849449157715},\n",
       " {'id': 27,\n",
       "  'img_name': 'frame000027.jpg',\n",
       "  'width': 481,\n",
       "  'height': 858,\n",
       "  'w2c_position': [1.2260457277297974, 0.1049894317984581, 15.106995582580566],\n",
       "  'w2c_rotation': [[0.4899357557296753,\n",
       "    0.7202110886573792,\n",
       "    0.4911811351776123],\n",
       "   [-0.7885855436325073, 0.125965416431427, 0.6018850207328796],\n",
       "   [0.37161242961883545, -0.6822233200073242, 0.6296629905700684]],\n",
       "  'fy': 3.4183099269866943,\n",
       "  'fx': 3.4183099269866943},\n",
       " {'id': 28,\n",
       "  'img_name': 'frame000028.jpg',\n",
       "  'width': 481,\n",
       "  'height': 858,\n",
       "  'w2c_position': [1.312238097190857, 0.1239919662475586, 15.199499130249023],\n",
       "  'w2c_rotation': [[0.47363176941871643,\n",
       "    0.7277671694755554,\n",
       "    0.49601203203201294],\n",
       "   [-0.7971833944320679, 0.11484173685312271, 0.5927141308784485],\n",
       "   [0.3743949830532074, -0.6761407852172852, 0.6345565319061279]],\n",
       "  'fy': 3.4429924488067627,\n",
       "  'fx': 3.4429924488067627},\n",
       " {'id': 29,\n",
       "  'img_name': 'frame000029.jpg',\n",
       "  'width': 481,\n",
       "  'height': 858,\n",
       "  'w2c_position': [1.3590364456176758, 0.15269771218299866, 15.20964241027832],\n",
       "  'w2c_rotation': [[0.45336782932281494,\n",
       "    0.7385463714599609,\n",
       "    0.49900591373443604],\n",
       "   [-0.8071725964546204, 0.10272865742444992, 0.5813081860542297],\n",
       "   [0.37806084752082825, -0.6663303375244141, 0.6427082419395447]],\n",
       "  'fy': 3.43955659866333,\n",
       "  'fx': 3.43955659866333},\n",
       " {'id': 30,\n",
       "  'img_name': 'frame000030.jpg',\n",
       "  'width': 481,\n",
       "  'height': 858,\n",
       "  'w2c_position': [1.3501968383789062, 0.20128054916858673, 15.13753604888916],\n",
       "  'w2c_rotation': [[0.42765161395072937,\n",
       "    0.7513400316238403,\n",
       "    0.5025954842567444],\n",
       "   [-0.8187462687492371, 0.0863117054104805, 0.5676308870315552],\n",
       "   [0.3831039369106293, -0.65424644947052, 0.6520681977272034]],\n",
       "  'fy': 3.4375243186950684,\n",
       "  'fx': 3.4375243186950684},\n",
       " {'id': 31,\n",
       "  'img_name': 'frame000031.jpg',\n",
       "  'width': 481,\n",
       "  'height': 858,\n",
       "  'w2c_position': [1.3254027366638184, 0.22133266925811768, 15.0105619430542],\n",
       "  'w2c_rotation': [[0.4133135676383972, 0.758892297744751, 0.5032438635826111],\n",
       "   [-0.8252981305122375, 0.0786636620759964, 0.5591914653778076],\n",
       "   [0.38477906584739685, -0.6464475989341736, 0.658825159072876]],\n",
       "  'fy': 3.4155211448669434,\n",
       "  'fx': 3.4155211448669434},\n",
       " {'id': 32,\n",
       "  'img_name': 'frame000032.jpg',\n",
       "  'width': 481,\n",
       "  'height': 858,\n",
       "  'w2c_position': [1.3029379844665527,\n",
       "   0.28875595331192017,\n",
       "   15.145586013793945],\n",
       "  'w2c_rotation': [[0.38184455037117004,\n",
       "    0.7716884613037109,\n",
       "    0.5086174011230469],\n",
       "   [-0.8351044654846191, 0.052302949130535126, 0.5475992560386658],\n",
       "   [0.3959738314151764, -0.6338464617729187, 0.6644120812416077]],\n",
       "  'fy': 3.450397253036499,\n",
       "  'fx': 3.450397253036499},\n",
       " {'id': 33,\n",
       "  'img_name': 'frame000033.jpg',\n",
       "  'width': 481,\n",
       "  'height': 858,\n",
       "  'w2c_position': [1.3253767490386963,\n",
       "   0.33514589071273804,\n",
       "   15.192112922668457],\n",
       "  'w2c_rotation': [[0.34972643852233887,\n",
       "    0.784008800983429,\n",
       "    0.5128563642501831],\n",
       "   [-0.8448068499565125, 0.02728746272623539, 0.5343751311302185],\n",
       "   [0.4049602448940277, -0.6201496720314026, 0.6718791127204895]],\n",
       "  'fy': 3.4704222679138184,\n",
       "  'fx': 3.4704222679138184},\n",
       " {'id': 34,\n",
       "  'img_name': 'frame000034.jpg',\n",
       "  'width': 481,\n",
       "  'height': 858,\n",
       "  'w2c_position': [1.4395886659622192, 0.3866949677467346, 15.219794273376465],\n",
       "  'w2c_rotation': [[0.3186999559402466,\n",
       "    0.7950475215911865,\n",
       "    0.5160714387893677],\n",
       "   [-0.8520114421844482, 0.0017131925560534, 0.5235204100608826],\n",
       "   [0.41533946990966797, -0.6065447330474854, 0.6779355406761169]],\n",
       "  'fy': 3.4695942401885986,\n",
       "  'fx': 3.4695942401885986},\n",
       " {'id': 35,\n",
       "  'img_name': 'frame000035.jpg',\n",
       "  'width': 481,\n",
       "  'height': 858,\n",
       "  'w2c_position': [1.505597710609436, 0.39650750160217285, 15.354715347290039],\n",
       "  'w2c_rotation': [[0.2872515320777893, 0.802295982837677, 0.5232663750648499],\n",
       "   [-0.8615398406982422, -0.022337419912219048, 0.5071983337402344],\n",
       "   [0.418611615896225, -0.5965083241462708, 0.6847934722900391]],\n",
       "  'fy': 3.4936540126800537,\n",
       "  'fx': 3.4936540126800537},\n",
       " {'id': 36,\n",
       "  'img_name': 'frame000036.jpg',\n",
       "  'width': 481,\n",
       "  'height': 858,\n",
       "  'w2c_position': [1.5555057525634766,\n",
       "   0.40441903471946716,\n",
       "   15.264385223388672],\n",
       "  'w2c_rotation': [[0.25615981221199036,\n",
       "    0.8112196922302246,\n",
       "    0.525646984577179],\n",
       "   [-0.8704220056533813, -0.04293088614940643, 0.49043089151382446],\n",
       "   [0.42041370272636414, -0.5831633806228638, 0.6951063275337219]],\n",
       "  'fy': 3.4601869583129883,\n",
       "  'fx': 3.4601869583129883},\n",
       " {'id': 37,\n",
       "  'img_name': 'frame000037.jpg',\n",
       "  'width': 481,\n",
       "  'height': 858,\n",
       "  'w2c_position': [1.4870924949645996,\n",
       "   0.41431933641433716,\n",
       "   15.306696891784668],\n",
       "  'w2c_rotation': [[0.22305317223072052,\n",
       "    0.8181551098823547,\n",
       "    0.529971182346344],\n",
       "   [-0.8800991773605347, -0.06473831087350845, 0.4703555405139923],\n",
       "   [0.4191332459449768, -0.5713415145874023, 0.7056176066398621]],\n",
       "  'fy': 3.4550530910491943,\n",
       "  'fx': 3.4550530910491943},\n",
       " {'id': 38,\n",
       "  'img_name': 'frame000038.jpg',\n",
       "  'width': 481,\n",
       "  'height': 858,\n",
       "  'w2c_position': [1.3597755432128906,\n",
       "   0.42653369903564453,\n",
       "   15.330852508544922],\n",
       "  'w2c_rotation': [[0.19081221520900726,\n",
       "    0.8248656988143921,\n",
       "    0.5321533679962158],\n",
       "   [-0.8884614706039429, -0.08539365977048874, 0.4509369134902954],\n",
       "   [0.4174049198627472, -0.5588420629501343, 0.7165672779083252]],\n",
       "  'fy': 3.444380521774292,\n",
       "  'fx': 3.444380521774292},\n",
       " {'id': 39,\n",
       "  'img_name': 'frame000039.jpg',\n",
       "  'width': 481,\n",
       "  'height': 858,\n",
       "  'w2c_position': [1.230509877204895, 0.4451651871204376, 15.471964836120605],\n",
       "  'w2c_rotation': [[0.1576879918575287,\n",
       "    0.8292436599731445,\n",
       "    0.5361804366111755],\n",
       "   [-0.8971017599105835, -0.1066407635807991, 0.42876118421554565],\n",
       "   [0.41272616386413574, -0.5486189126968384, 0.7271000146865845]],\n",
       "  'fy': 3.4593067169189453,\n",
       "  'fx': 3.4593067169189453},\n",
       " {'id': 40,\n",
       "  'img_name': 'frame000040.jpg',\n",
       "  'width': 481,\n",
       "  'height': 858,\n",
       "  'w2c_position': [1.1441038846969604, 0.4715574085712433, 15.566780090332031],\n",
       "  'w2c_rotation': [[0.12780414521694183,\n",
       "    0.8339642882347107,\n",
       "    0.5368143320083618],\n",
       "   [-0.9034794569015503, -0.12538065016269684, 0.409883588552475],\n",
       "   [0.4091344177722931, -0.5373855829238892, 0.7374454736709595]],\n",
       "  'fy': 3.4676849842071533,\n",
       "  'fx': 3.4676849842071533},\n",
       " {'id': 41,\n",
       "  'img_name': 'frame000041.jpg',\n",
       "  'width': 481,\n",
       "  'height': 858,\n",
       "  'w2c_position': [1.0944938659667969, 0.5076544880867004, 15.56205940246582],\n",
       "  'w2c_rotation': [[0.10039485991001129,\n",
       "    0.8389500379562378,\n",
       "    0.5348678827285767],\n",
       "   [-0.9075794816017151, -0.14306625723838806, 0.39475497603416443],\n",
       "   [0.4077012538909912, -0.5250664949417114, 0.7470507621765137]],\n",
       "  'fy': 3.4512128829956055,\n",
       "  'fx': 3.4512128829956055},\n",
       " {'id': 42,\n",
       "  'img_name': 'frame000042.jpg',\n",
       "  'width': 481,\n",
       "  'height': 858,\n",
       "  'w2c_position': [1.082459807395935, 0.5514891147613525, 15.620999336242676],\n",
       "  'w2c_rotation': [[0.07468844950199127,\n",
       "    0.842835009098053,\n",
       "    0.5329641699790955],\n",
       "   [-0.9098736643791199, -0.16112880408763885, 0.38231849670410156],\n",
       "   [0.40810728073120117, -0.5134848356246948, 0.7548388838768005]],\n",
       "  'fy': 3.445784568786621,\n",
       "  'fx': 3.445784568786621},\n",
       " {'id': 43,\n",
       "  'img_name': 'frame000043.jpg',\n",
       "  'width': 481,\n",
       "  'height': 858,\n",
       "  'w2c_position': [1.1127452850341797, 0.605923593044281, 15.682326316833496],\n",
       "  'w2c_rotation': [[0.0499553307890892,\n",
       "    0.8458849787712097,\n",
       "    0.5310208201408386],\n",
       "   [-0.9095067381858826, -0.1811593621969223, 0.3741373121738434],\n",
       "   [0.41267654299736023, -0.5016571283340454, 0.7602882385253906]],\n",
       "  'fy': 3.4593334197998047,\n",
       "  'fx': 3.4593334197998047},\n",
       " {'id': 44,\n",
       "  'img_name': 'frame000044.jpg',\n",
       "  'width': 481,\n",
       "  'height': 858,\n",
       "  'w2c_position': [1.1922575235366821, 0.6736215353012085, 15.7372407913208],\n",
       "  'w2c_rotation': [[0.023980356752872467,\n",
       "    0.8476117253303528,\n",
       "    0.5300748348236084],\n",
       "   [-0.9077362418174744, -0.20369118452072144, 0.3667762577533722],\n",
       "   [0.4188554286956787, -0.4899635910987854, 0.7645232677459717]],\n",
       "  'fy': 3.47324275970459,\n",
       "  'fx': 3.47324275970459},\n",
       " {'id': 45,\n",
       "  'img_name': 'frame000045.jpg',\n",
       "  'width': 481,\n",
       "  'height': 858,\n",
       "  'w2c_position': [1.28328275680542, 0.7220498323440552, 15.77410888671875],\n",
       "  'w2c_rotation': [[-0.0037319697439670563,\n",
       "    0.8492196798324585,\n",
       "    0.5280265212059021],\n",
       "   [-0.9053506255149841, -0.22709809243679047, 0.3588407337665558],\n",
       "   [0.4246484339237213, -0.4767099916934967, 0.7696890830993652]],\n",
       "  'fy': 3.4740188121795654,\n",
       "  'fx': 3.4740188121795654},\n",
       " {'id': 46,\n",
       "  'img_name': 'frame000046.jpg',\n",
       "  'width': 481,\n",
       "  'height': 858,\n",
       "  'w2c_position': [1.365207314491272, 0.7338172197341919, 15.757976531982422],\n",
       "  'w2c_rotation': [[-0.034584544599056244,\n",
       "    0.8497375249862671,\n",
       "    0.5260704159736633],\n",
       "   [-0.9008365273475647, -0.25445008277893066, 0.35177943110466003],\n",
       "   [0.43277883529663086, -0.4617373049259186, 0.7742745876312256]],\n",
       "  'fy': 3.4555513858795166,\n",
       "  'fx': 3.4555513858795166},\n",
       " {'id': 47,\n",
       "  'img_name': 'frame000047.jpg',\n",
       "  'width': 481,\n",
       "  'height': 858,\n",
       "  'w2c_position': [1.3882849216461182, 0.7285024523735046, 15.770333290100098],\n",
       "  'w2c_rotation': [[-0.05094150826334953,\n",
       "    0.8495771288871765,\n",
       "    0.5249987244606018],\n",
       "   [-0.8984408378601074, -0.26854777336120605, 0.34739914536476135],\n",
       "   [0.4361295998096466, -0.45398324728012085, 0.7769750356674194]],\n",
       "  'fy': 3.44885516166687,\n",
       "  'fx': 3.44885516166687},\n",
       " {'id': 48,\n",
       "  'img_name': 'frame000048.jpg',\n",
       "  'width': 481,\n",
       "  'height': 858,\n",
       "  'w2c_position': [1.4024964570999146, 0.7208397388458252, 15.82991886138916],\n",
       "  'w2c_rotation': [[-0.08664485067129135,\n",
       "    0.8462984561920166,\n",
       "    0.525615394115448],\n",
       "   [-0.8916952610015869, -0.3011596202850342, 0.33790892362594604],\n",
       "   [0.4442659318447113, -0.4394107162952423, 0.7807343006134033]],\n",
       "  'fy': 3.456696033477783,\n",
       "  'fx': 3.456696033477783},\n",
       " {'id': 49,\n",
       "  'img_name': 'frame000049.jpg',\n",
       "  'width': 481,\n",
       "  'height': 858,\n",
       "  'w2c_position': [1.3766982555389404, 0.7123789191246033, 15.82620906829834],\n",
       "  'w2c_rotation': [[-0.12473592907190323,\n",
       "    0.842981219291687,\n",
       "    0.5232815742492676],\n",
       "   [-0.8851476907730103, -0.33282822370529175, 0.3251752555370331],\n",
       "   [0.4482795000076294, -0.4226204454898834, 0.7876785397529602]],\n",
       "  'fy': 3.4511876106262207,\n",
       "  'fx': 3.4511876106262207},\n",
       " {'id': 50,\n",
       "  'img_name': 'frame000050.jpg',\n",
       "  'width': 481,\n",
       "  'height': 858,\n",
       "  'w2c_position': [1.3712072372436523, 0.7247084975242615, 15.821301460266113],\n",
       "  'w2c_rotation': [[-0.16341722011566162,\n",
       "    0.8372906446456909,\n",
       "    0.5217654705047607],\n",
       "   [-0.8772745132446289, -0.36527007818222046, 0.3113955855369568],\n",
       "   [0.45131391286849976, -0.4068441689014435, 0.7942251563072205]],\n",
       "  'fy': 3.4541852474212646,\n",
       "  'fx': 3.4541852474212646},\n",
       " {'id': 51,\n",
       "  'img_name': 'frame000051.jpg',\n",
       "  'width': 481,\n",
       "  'height': 858,\n",
       "  'w2c_position': [1.3008332252502441, 0.7327568531036377, 15.828990936279297],\n",
       "  'w2c_rotation': [[-0.1996864378452301,\n",
       "    0.8315085172653198,\n",
       "    0.5183810591697693],\n",
       "   [-0.8690462708473206, -0.3946753740310669, 0.2983117699623108],\n",
       "   [0.45264101028442383, -0.3909282982349396, 0.8014307022094727]],\n",
       "  'fy': 3.463773488998413,\n",
       "  'fx': 3.463773488998413},\n",
       " {'id': 52,\n",
       "  'img_name': 'frame000052.jpg',\n",
       "  'width': 481,\n",
       "  'height': 858,\n",
       "  'w2c_position': [1.2453317642211914, 0.7495901584625244, 15.75225830078125],\n",
       "  'w2c_rotation': [[-0.23226596415042877,\n",
       "    0.8260778784751892,\n",
       "    0.513466477394104],\n",
       "   [-0.8618046045303345, -0.41952845454216003, 0.2851117253303528],\n",
       "   [0.45093831419944763, -0.37628602981567383, 0.8093599081039429]],\n",
       "  'fy': 3.4535632133483887,\n",
       "  'fx': 3.4535632133483887},\n",
       " {'id': 53,\n",
       "  'img_name': 'frame000053.jpg',\n",
       "  'width': 481,\n",
       "  'height': 858,\n",
       "  'w2c_position': [1.242317795753479, 0.774604320526123, 15.850908279418945],\n",
       "  'w2c_rotation': [[-0.26246440410614014,\n",
       "    0.8197314143180847,\n",
       "    0.5090705752372742],\n",
       "   [-0.8542422652244568, -0.44273853302001953, 0.2724936604499817],\n",
       "   [0.44875675439834595, -0.36334970593452454, 0.8164523243904114]],\n",
       "  'fy': 3.457993745803833,\n",
       "  'fx': 3.457993745803833},\n",
       " {'id': 54,\n",
       "  'img_name': 'frame000054.jpg',\n",
       "  'width': 481,\n",
       "  'height': 858,\n",
       "  'w2c_position': [1.3243169784545898, 0.7792103290557861, 15.878683090209961],\n",
       "  'w2c_rotation': [[-0.28847530484199524,\n",
       "    0.8134625554084778,\n",
       "    0.5050353407859802],\n",
       "   [-0.8463877439498901, -0.46325796842575073, 0.2627163529396057],\n",
       "   [0.4476715624332428, -0.3516685366630554, 0.8221431970596313]],\n",
       "  'fy': 3.467743396759033,\n",
       "  'fx': 3.467743396759033},\n",
       " {'id': 55,\n",
       "  'img_name': 'frame000055.jpg',\n",
       "  'width': 481,\n",
       "  'height': 858,\n",
       "  'w2c_position': [1.3939664363861084, 0.7603042125701904, 15.868310928344727],\n",
       "  'w2c_rotation': [[-0.3116307556629181,\n",
       "    0.809135377407074,\n",
       "    0.49818292260169983],\n",
       "   [-0.839493989944458, -0.4800529479980469, 0.25455641746520996],\n",
       "   [0.4451247751712799, -0.33889394998550415, 0.8288635611534119]],\n",
       "  'fy': 3.4466915130615234,\n",
       "  'fx': 3.4466915130615234},\n",
       " {'id': 56,\n",
       "  'img_name': 'frame000056.jpg',\n",
       "  'width': 481,\n",
       "  'height': 858,\n",
       "  'w2c_position': [1.4171086549758911, 0.7342367172241211, 15.805803298950195],\n",
       "  'w2c_rotation': [[-0.33339011669158936,\n",
       "    0.8041295409202576,\n",
       "    0.49216532707214355],\n",
       "   [-0.8321590423583984, -0.49635398387908936, 0.24727316200733185],\n",
       "   [0.4431278705596924, -0.32712140679359436, 0.8346431851387024]],\n",
       "  'fy': 3.414278984069824,\n",
       "  'fx': 3.414278984069824},\n",
       " {'id': 57,\n",
       "  'img_name': 'frame000057.jpg',\n",
       "  'width': 481,\n",
       "  'height': 858,\n",
       "  'w2c_position': [1.4185165166854858, 0.6940791606903076, 15.945435523986816],\n",
       "  'w2c_rotation': [[-0.3546508848667145,\n",
       "    0.7973224520683289,\n",
       "    0.48836424946784973],\n",
       "   [-0.8249180316925049, -0.5127034783363342, 0.2380029410123825],\n",
       "   [0.4401511549949646, -0.31845250725746155, 0.8395563960075378]],\n",
       "  'fy': 3.426689863204956,\n",
       "  'fx': 3.426689863204956},\n",
       " {'id': 58,\n",
       "  'img_name': 'frame000058.jpg',\n",
       "  'width': 481,\n",
       "  'height': 858,\n",
       "  'w2c_position': [1.4111015796661377, 0.6529463529586792, 16.067848205566406],\n",
       "  'w2c_rotation': [[-0.37613776326179504,\n",
       "    0.7900640964508057,\n",
       "    0.4840652346611023],\n",
       "   [-0.8165983557701111, -0.5295215249061584, 0.2297261357307434],\n",
       "   [0.43782132863998413, -0.30887818336486816, 0.844338059425354]],\n",
       "  'fy': 3.4380111694335938,\n",
       "  'fx': 3.4380111694335938},\n",
       " {'id': 59,\n",
       "  'img_name': 'frame000059.jpg',\n",
       "  'width': 481,\n",
       "  'height': 858,\n",
       "  'w2c_position': [1.427567481994629, 0.6050926446914673, 15.918615341186523],\n",
       "  'w2c_rotation': [[-0.39850080013275146,\n",
       "    0.783850371837616,\n",
       "    0.47620970010757446],\n",
       "   [-0.8084383606910706, -0.5454145669937134, 0.22124724090099335],\n",
       "   [0.43315643072128296, -0.2968190014362335, 0.8510428667068481]],\n",
       "  'fy': 3.404982328414917,\n",
       "  'fx': 3.404982328414917},\n",
       " {'id': 60,\n",
       "  'img_name': 'frame000060.jpg',\n",
       "  'width': 481,\n",
       "  'height': 858,\n",
       "  'w2c_position': [1.4315931797027588, 0.5617060661315918, 16.06454849243164],\n",
       "  'w2c_rotation': [[-0.4226699471473694,\n",
       "    0.7730590105056763,\n",
       "    0.4730008840560913],\n",
       "   [-0.7990060448646545, -0.5641729235649109, 0.20808233320713043],\n",
       "   [0.42771419882774353, -0.289980411529541, 0.8561378121376038]],\n",
       "  'fy': 3.44205641746521,\n",
       "  'fx': 3.44205641746521},\n",
       " {'id': 61,\n",
       "  'img_name': 'frame000061.jpg',\n",
       "  'width': 481,\n",
       "  'height': 858,\n",
       "  'w2c_position': [1.485146164894104, 0.540966272354126, 16.024784088134766],\n",
       "  'w2c_rotation': [[-0.44722819328308105,\n",
       "    0.7631477117538452,\n",
       "    0.46646812558174133],\n",
       "   [-0.788352906703949, -0.5826816558837891, 0.1974380761384964],\n",
       "   [0.4224768579006195, -0.27944162487983704, 0.862221360206604]],\n",
       "  'fy': 3.4396588802337646,\n",
       "  'fx': 3.4396588802337646},\n",
       " {'id': 62,\n",
       "  'img_name': 'frame000062.jpg',\n",
       "  'width': 481,\n",
       "  'height': 858,\n",
       "  'w2c_position': [1.5104355812072754, 0.5221694111824036, 15.975421905517578],\n",
       "  'w2c_rotation': [[-0.46090924739837646,\n",
       "    0.7590842247009277,\n",
       "    0.4597322940826416],\n",
       "   [-0.7831551432609558, -0.5915697813034058, 0.19160683453083038],\n",
       "   [0.4174094498157501, -0.2717283368110657, 0.8671407103538513]],\n",
       "  'fy': 3.4314563274383545,\n",
       "  'fx': 3.4314563274383545},\n",
       " {'id': 63,\n",
       "  'img_name': 'frame000063.jpg',\n",
       "  'width': 481,\n",
       "  'height': 858,\n",
